version https://git-lfs.github.com/spec/v1
oid sha256:f90e8a49490bb386bb1b412c38b1790ea494ae4a72c5f6e72a9a10f1223f81b5
size 1065929
